- -13421773 1 1
- -13421773 1 2
c -65281 1 3
- -13421773 1 4
- -13421773 1 5
- -13421773 1 6
- -13421773 1 7
- -13421773 1 8
- -13421773 1 9
* -65536 1 10
- -13421773 1 11
- -13421773 1 12
- -13421773 1 13
- -13421773 1 14
- -13421773 1 15
- -13421773 2 1
- -13421773 2 2
c -65281 2 3
- -13421773 2 4
- -13421773 2 5
- -13421773 2 6
- -13421773 2 7
- -13421773 2 8
- -13421773 2 9
- -13421773 2 10
- -13421773 2 11
- -13421773 2 12
- -13421773 2 13
- -13421773 2 14
- -13421773 2 15
- -13421773 3 1
- -13421773 3 2
c -65281 3 3
d -65281 3 4
- -13421773 3 5
- -13421773 3 6
- -13421773 3 7
- -13421773 3 8
- -13421773 3 9
- -13421773 3 10
- -13421773 3 11
- -13421773 3 12
- -13421773 3 13
- -13421773 3 14
* -65536 3 15
- -13421773 4 1
- -13421773 4 2
c -65281 4 3
d -65281 4 4
- -13421773 4 5
- -13421773 4 6
- -13421773 4 7
- -13421773 4 8
- -13421773 4 9
- -13421773 4 10
- -13421773 4 11
- -13421773 4 12
- -13421773 4 13
- -13421773 4 14
- -13421773 4 15
- -13421773 5 1
- -13421773 5 2
c -65281 5 3
d -65281 5 4
- -13421773 5 5
- -13421773 5 6
* -65536 5 7
- -13421773 5 8
- -13421773 5 9
- -13421773 5 10
- -13421773 5 11
- -13421773 5 12
- -13421773 5 13
- -13421773 5 14
- -13421773 5 15
- -13421773 6 1
- -13421773 6 2
- -13421773 6 3
- -13421773 6 4
- -13421773 6 5
- -13421773 6 6
- -13421773 6 7
- -13421773 6 8
- -13421773 6 9
- -13421773 6 10
- -13421773 6 11
- -13421773 6 12
- -13421773 6 13
- -13421773 6 14
- -13421773 6 15
- -13421773 7 1
- -13421773 7 2
- -13421773 7 3
- -13421773 7 4
- -13421773 7 5
- -13421773 7 6
- -13421773 7 7
- -13421773 7 8
- -13421773 7 9
* -65536 7 10
- -13421773 7 11
- -13421773 7 12
- -13421773 7 13
- -13421773 7 14
- -13421773 7 15
- -13421773 8 1
- -13421773 8 2
- -13421773 8 3
- -13421773 8 4
- -13421773 8 5
- -13421773 8 6
- -13421773 8 7
- -13421773 8 8
- -13421773 8 9
- -13421773 8 10
b -65281 8 11
- -13421773 8 12
- -13421773 8 13
- -13421773 8 14
- -13421773 8 15
- -13421773 9 1
- -13421773 9 2
- -13421773 9 3
- -13421773 9 4
- -13421773 9 5
- -13421773 9 6
- -13421773 9 7
- -13421773 9 8
- -13421773 9 9
- -13421773 9 10
b -65281 9 11
- -13421773 9 12
- -13421773 9 13
- -13421773 9 14
- -13421773 9 15
* -65281 10 1
* -65281 10 2
* -65281 10 3
- -13421773 10 4
- -13421773 10 5
- -13421773 10 6
- -13421773 10 7
- -13421773 10 8
s -65281 10 9
- -13421773 10 10
b -65281 10 11
- -13421773 10 12
- -13421773 10 13
- -13421773 10 14
- -13421773 10 15
* -65281 11 1
* -65281 11 2
* -65281 11 3
- -13421773 11 4
- -13421773 11 5
- -13421773 11 6
- -13421773 11 7
- -13421773 11 8
- -13421773 11 9
- -13421773 11 10
b -65281 11 11
- -13421773 11 12
- -13421773 11 13
- -13421773 11 14
- -13421773 11 15
* -65281 12 1
* -65281 12 2
* -65281 12 3
- -13421773 12 4
- -13421773 12 5
- -13421773 12 6
- -13421773 12 7
- -13421773 12 8
- -13421773 12 9
- -13421773 12 10
b -65281 12 11
- -13421773 12 12
- -13421773 12 13
- -13421773 12 14
- -13421773 12 15
* -65281 13 1
* -65281 13 2
* -65281 13 3
- -13421773 13 4
- -13421773 13 5
- -13421773 13 6
- -13421773 13 7
- -13421773 13 8
- -13421773 13 9
- -13421773 13 10
b -65281 13 11
- -13421773 13 12
- -13421773 13 13
- -13421773 13 14
- -13421773 13 15
* -65281 14 1
* -65281 14 2
* -65281 14 3
- -13421773 14 4
- -13421773 14 5
- -13421773 14 6
- -13421773 14 7
- -13421773 14 8
- -13421773 14 9
- -13421773 14 10
b -65281 14 11
- -13421773 14 12
- -13421773 14 13
- -13421773 14 14
- -13421773 14 15
- -13421773 15 1
- -13421773 15 2
- -13421773 15 3
- -13421773 15 4
- -13421773 15 5
- -13421773 15 6
- -13421773 15 7
- -13421773 15 8
- -13421773 15 9
- -13421773 15 10
- -13421773 15 11
- -13421773 15 12
- -13421773 15 13
- -13421773 15 14
- -13421773 15 15
- -13421773 1 1
- -13421773 1 2
- -13421773 1 3
- -13421773 1 4
- -13421773 1 5
- -13421773 1 6
- -13421773 1 7
- -13421773 1 8
- -13421773 1 9
- -13421773 1 10
- -13421773 1 11
- -13421773 1 12
- -13421773 1 13
- -13421773 1 14
- -13421773 1 15
- -13421773 2 1
d -65281 2 2
d -65281 2 3
d -65281 2 4
- -13421773 2 5
- -13421773 2 6
- -13421773 2 7
- -13421773 2 8
- -13421773 2 9
- -13421773 2 10
- -13421773 2 11
- -13421773 2 12
- -13421773 2 13
- -13421773 2 14
- -13421773 2 15
- -13421773 3 1
- -13421773 3 2
- -13421773 3 3
- -13421773 3 4
- -13421773 3 5
- -13421773 3 6
- -13421773 3 7
- -13421773 3 8
- -13421773 3 9
- -13421773 3 10
- -13421773 3 11
- -13421773 3 12
- -13421773 3 13
- -13421773 3 14
- -13421773 3 15
- -13421773 4 1
- -13421773 4 2
- -13421773 4 3
- -13421773 4 4
- -13421773 4 5
- -13421773 4 6
- -13421773 4 7
- -13421773 4 8
- -13421773 4 9
- -13421773 4 10
- -13421773 4 11
- -13421773 4 12
- -13421773 4 13
- -13421773 4 14
- -13421773 4 15
- -13421773 5 1
- -13421773 5 2
- -13421773 5 3
- -13421773 5 4
- -13421773 5 5
- -13421773 5 6
- -13421773 5 7
- -13421773 5 8
- -13421773 5 9
* -65536 5 10
- -13421773 5 11
b -65281 5 12
- -13421773 5 13
- -13421773 5 14
- -13421773 5 15
- -13421773 6 1
- -13421773 6 2
- -13421773 6 3
- -13421773 6 4
- -13421773 6 5
- -13421773 6 6
- -13421773 6 7
- -13421773 6 8
- -13421773 6 9
- -13421773 6 10
- -13421773 6 11
b -65281 6 12
- -13421773 6 13
- -13421773 6 14
- -13421773 6 15
- -13421773 7 1
- -13421773 7 2
- -13421773 7 3
- -13421773 7 4
- -13421773 7 5
- -13421773 7 6
- -13421773 7 7
- -13421773 7 8
- -13421773 7 9
- -13421773 7 10
- -13421773 7 11
b -65281 7 12
- -13421773 7 13
- -13421773 7 14
- -13421773 7 15
- -13421773 8 1
- -13421773 8 2
- -13421773 8 3
- -13421773 8 4
- -13421773 8 5
- -13421773 8 6
- -13421773 8 7
- -13421773 8 8
- -13421773 8 9
- -13421773 8 10
- -13421773 8 11
b -65281 8 12
- -13421773 8 13
- -13421773 8 14
- -13421773 8 15
- -13421773 9 1
- -13421773 9 2
- -13421773 9 3
- -13421773 9 4
- -13421773 9 5
- -13421773 9 6
- -13421773 9 7
- -13421773 9 8
- -13421773 9 9
- -13421773 9 10
- -13421773 9 11
b -65281 9 12
- -13421773 9 13
- -13421773 9 14
- -13421773 9 15
- -13421773 10 1
- -13421773 10 2
- -13421773 10 3
- -13421773 10 4
* -65536 10 5
- -13421773 10 6
- -13421773 10 7
- -13421773 10 8
- -13421773 10 9
- -13421773 10 10
* -65536 10 11
b -65536 10 12
- -13421773 10 13
- -13421773 10 14
- -13421773 10 15
- -13421773 11 1
- -13421773 11 2
- -13421773 11 3
- -13421773 11 4
- -13421773 11 5
- -13421773 11 6
c -65281 11 7
c -65281 11 8
c -65281 11 9
c -65281 11 10
c -65281 11 11
b -65281 11 12
- -13421773 11 13
- -13421773 11 14
- -13421773 11 15
- -13421773 12 1
- -13421773 12 2
- -13421773 12 3
- -13421773 12 4
- -13421773 12 5
- -13421773 12 6
- -13421773 12 7
- -13421773 12 8
- -13421773 12 9
- -13421773 12 10
- -13421773 12 11
- -13421773 12 12
- -13421773 12 13
- -13421773 12 14
- -13421773 12 15
- -13421773 13 1
- -13421773 13 2
- -13421773 13 3
- -13421773 13 4
- -13421773 13 5
- -13421773 13 6
- -13421773 13 7
- -13421773 13 8
- -13421773 13 9
- -13421773 13 10
- -13421773 13 11
s -65281 13 12
- -13421773 13 13
- -13421773 13 14
- -13421773 13 15
- -13421773 14 1
- -13421773 14 2
- -13421773 14 3
- -13421773 14 4
- -13421773 14 5
- -13421773 14 6
- -13421773 14 7
- -13421773 14 8
- -13421773 14 9
- -13421773 14 10
- -13421773 14 11
- -13421773 14 12
- -13421773 14 13
- -13421773 14 14
- -13421773 14 15
- -13421773 15 1
- -13421773 15 2
- -13421773 15 3
- -13421773 15 4
- -13421773 15 5
- -13421773 15 6
- -13421773 15 7
- -13421773 15 8
- -13421773 15 9
- -13421773 15 10
- -13421773 15 11
- -13421773 15 12
- -13421773 15 13
- -13421773 15 14
- -13421773 15 15
- -13421773 1 1
- -13421773 1 2
- -13421773 1 3
- -13421773 1 4
- -13421773 1 5
- -13421773 1 6
- -13421773 1 7
- -13421773 1 8
- -13421773 1 9
- -13421773 1 10
- -13421773 1 11
- -13421773 1 12
- -13421773 1 13
- -13421773 1 14
- -13421773 1 15
- -13421773 2 1
- -13421773 2 2
- -13421773 2 3
- -13421773 2 4
- -13421773 2 5
- -13421773 2 6
- -13421773 2 7
- -13421773 2 8
- -13421773 2 9
- -13421773 2 10
- -13421773 2 11
- -13421773 2 12
- -13421773 2 13
- -13421773 2 14
- -13421773 2 15
- -13421773 3 1
- -13421773 3 2
- -13421773 3 3
- -13421773 3 4
- -13421773 3 5
- -13421773 3 6
- -13421773 3 7
- -13421773 3 8
- -13421773 3 9
- -13421773 3 10
- -13421773 3 11
- -13421773 3 12
- -13421773 3 13
- -13421773 3 14
- -13421773 3 15
- -13421773 4 1
- -13421773 4 2
- -13421773 4 3
- -13421773 4 4
- -13421773 4 5
- -13421773 4 6
- -13421773 4 7
- -13421773 4 8
- -13421773 4 9
- -13421773 4 10
- -13421773 4 11
- -13421773 4 12
- -13421773 4 13
- -13421773 4 14
- -13421773 4 15
- -13421773 5 1
- -13421773 5 2
- -13421773 5 3
- -13421773 5 4
- -13421773 5 5
- -13421773 5 6
- -13421773 5 7
- -13421773 5 8
- -13421773 5 9
* -65536 5 10
- -13421773 5 11
- -13421773 5 12
- -13421773 5 13
- -13421773 5 14
- -13421773 5 15
- -13421773 6 1
- -13421773 6 2
- -13421773 6 3
- -13421773 6 4
- -13421773 6 5
- -13421773 6 6
- -13421773 6 7
- -13421773 6 8
- -13421773 6 9
- -13421773 6 10
- -13421773 6 11
- -13421773 6 12
- -13421773 6 13
- -13421773 6 14
- -13421773 6 15
- -13421773 7 1
- -13421773 7 2
- -13421773 7 3
- -13421773 7 4
- -13421773 7 5
- -13421773 7 6
- -13421773 7 7
- -13421773 7 8
- -13421773 7 9
- -13421773 7 10
- -13421773 7 11
- -13421773 7 12
- -13421773 7 13
- -13421773 7 14
- -13421773 7 15
- -13421773 8 1
- -13421773 8 2
* -65281 8 3
* -65281 8 4
* -65281 8 5
* -65281 8 6
* -65281 8 7
- -13421773 8 8
- -13421773 8 9
- -13421773 8 10
- -13421773 8 11
- -13421773 8 12
- -13421773 8 13
- -13421773 8 14
- -13421773 8 15
- -13421773 9 1
- -13421773 9 2
* -65281 9 3
* -65281 9 4
* -65281 9 5
* -65281 9 6
* -65281 9 7
- -13421773 9 8
- -13421773 9 9
- -13421773 9 10
- -13421773 9 11
- -13421773 9 12
- -13421773 9 13
- -13421773 9 14
- -13421773 9 15
- -13421773 10 1
- -13421773 10 2
* -65281 10 3
* -65281 10 4
* -65536 10 5
* -65281 10 6
* -65281 10 7
- -13421773 10 8
- -13421773 10 9
- -13421773 10 10
* -65536 10 11
b -65536 10 12
- -13421773 10 13
- -13421773 10 14
- -13421773 10 15
- -13421773 11 1
- -13421773 11 2
* -65281 11 3
* -65281 11 4
* -65281 11 5
* -65281 11 6
c -65281 11 7
- -13421773 11 8
- -13421773 11 9
- -13421773 11 10
- -13421773 11 11
- -13421773 11 12
- -13421773 11 13
- -13421773 11 14
- -13421773 11 15
- -13421773 12 1
- -13421773 12 2
* -65281 12 3
* -65281 12 4
* -65281 12 5
* -65281 12 6
* -65281 12 7
- -13421773 12 8
- -13421773 12 9
- -13421773 12 10
- -13421773 12 11
- -13421773 12 12
- -13421773 12 13
- -13421773 12 14
- -13421773 12 15
- -13421773 13 1
- -13421773 13 2
- -13421773 13 3
- -13421773 13 4
- -13421773 13 5
- -13421773 13 6
- -13421773 13 7
- -13421773 13 8
- -13421773 13 9
- -13421773 13 10
- -13421773 13 11
- -13421773 13 12
- -13421773 13 13
- -13421773 13 14
- -13421773 13 15
- -13421773 14 1
- -13421773 14 2
- -13421773 14 3
- -13421773 14 4
- -13421773 14 5
- -13421773 14 6
- -13421773 14 7
- -13421773 14 8
- -13421773 14 9
- -13421773 14 10
- -13421773 14 11
- -13421773 14 12
- -13421773 14 13
- -13421773 14 14
- -13421773 14 15
- -13421773 15 1
- -13421773 15 2
- -13421773 15 3
- -13421773 15 4
- -13421773 15 5
- -13421773 15 6
- -13421773 15 7
- -13421773 15 8
- -13421773 15 9
- -13421773 15 10
- -13421773 15 11
- -13421773 15 12
- -13421773 15 13
- -13421773 15 14
- -13421773 15 15
Battleship false
Cruiser false
Destroyer false true
Submarine false
Battleship false
Cruiser false
Destroyer false true
Submarine false